mesh = ../../mesh/3D/paper_sphere_in_sphere_R10_6reso
steps = 30000
dtwp = 0.05

impose_current = false
imposed_current = -99.21259294789074
imposed_voltage = 4523.782005198625

[species] # electron
charge = -1
mass = 1
density = 1.0e10
thermal = 5641460.226981773
num = 3000000
distribution = maxwellian

[species] # proton
charge = 1
mass = 1836.1526737600675
density = 1.0e10
thermal = 131654.93286648966
num = 3000000
distribution = maxwellian
