mesh = geo/R1
steps = 50000
dtwp = 0.05

impose_current = false
imposed_current = 0.0
imposed_voltage = 180.95128020794499

[species] # electron
charge = -1
mass = 1
density = 1.0e10
thermal = 5641460.226981773
kappa = 5.0
alpha = 0.2
num = 100000
distribution = maxwellian

[species] # proton
charge = 1
mass = 1836.1526737600675
density = 1.0e10
thermal = 131654.93286648966
kappa = 5.0
alpha = 0.2
num = 100000
distribution = maxwellian
