mesh = /home/diako/Documents/cpp/electricalprobes/Sphere/Geometry/R02
steps = 50000
dtwp = 0.05
Bx = 0.0217317413986

impose_current = true
imposed_current = 0
imposed_voltage = 0

[species] # electron
charge = -1
mass = 1
density = 1.0e13
thermal = 178398636.465
vx = 0.0
num = 300000
distribution = maxwellian

[species] # proton
charge = 1
mass = 1836.1526737600675
density = 1.0e13
thermal = 416329.453055
vx = 4197845.28505
num = 300000 
distribution = maxwellian
