mesh = ../mesh/3D/laframboise_sphere_in_sphere_res1b
steps = 50
dtwp = 0.05
Bx = 0.043463482797164575

impose_current = true
imposed_current = 0
imposed_voltage = 0

[species] # electron
charge = -1
mass = 1
density = 1.0e13
thermal = 726392.4607817988
vx = 0.0
num = 500000
distribution = maxwellian

[species] # proton
charge = 1
mass = 1836.1526737600675
density = 1.0e13
thermal = 1695.1843460946716
vx = 17092.525071987347
num = 500000 
distribution = maxwellian
