mesh = ../mesh/3D/laframboise_sphere_in_sphere_res1b
B = 0.043463482797164575 0 0

[time]
steps = 50
dt = 1 auto
dt_plasma = 0.05
dt_cell = 1e5

[species] # electron
charge = -1 e
mass = 1 me
density = 1.0e10
temperature = 5641460.226981773 m/s
amount = 4 per cell
vdrift = 0.0 0 0.34

[species] # proton
charge = 1 e
mass = 1 amu
density = 1.0e10
temperature = 131654.93286648966 m/s
amount = 4 per cell
vdrift = 0.0 0 0.34

[objects]
vsource = -1 0 361.90256041589
